  322          -1374            472
  321          -1357             32
  320          -1339           -393
  211          -1610            -21
  212          -1633            479
  213          -1654            960
  324          -1408           1387
  323          -1390            900
  400          -1761           -346
  310          -2056           -343
  312          -2099            483
  422           -893            775
  432           -384            777
  333           -482            879
  145            168           1412
  344            488           1333
  223            -46           1030
  144            173            930
  343            489            934
  331           -457            -11
  142            191           -276
  222            -37            445
   11          -1275            262
   12          -1255           -105
   13          -1234           -424
   31          -1070            214
   32          -1053           -179
   33          -1039           -549
   42           -910           -264
   43           -892           -634
   41           -935            173
   51           -555            181
   52           -532           -237
   53           -506           -694
   63             16           -703
   62             -8           -229
   61            -22            151
   71            444            199
   72            454           -219
  354           1811           1382
  154           1453            955
  353           1806            949
  452            838            796
  153           1452            292
  152           1446           -339
  350           1781           -541
   81            808            243
   82            820           -155
   83            831           -559
   93           1097           -537
   92           1098           -154
   91           1091            229
   91           1091            229
  151           1440           -906
  351           1790            -91
  433           -391           1393
  431           -376            174
  441            263            166
  401          -1793            216
  402          -1823            762
  403          -1855           1319
  423           -920           1364
  451            843            149
  442            217            788
  420           -845           -402
  421           -874            194
  341            499            -40
  135          -1079           1352
  134          -1061            906
  210          -1589           -512
  334           -490           1251
  332           -470            433
  430           -367           -433
  352           1798            425
   73            470           -637
  342            494            440